1.000000000000000000e+00 1.238584966248682806e-01 -7.808858968265272593e-02 -8.612934887032358544e-02 -4.240421552827070700e-02 2.592122754134255080e-01 2.980661794421237132e-01 7.702049614126477151e-02 4.959017258958987873e-02 9.376212932338320871e-02 -4.162416793880915900e-02 2.385637210463897595e-01 2.259920976035816043e-01 2.033264538325386672e-01 1.951092217660320705e-01 2.763148685911045455e-01 2.804592674684577847e-01 2.695230410488963502e-01 2.558135626924091244e-01 2.845037127147642675e-01 3.052062312227540875e-01 -2.915778560267055786e-03 1.038345395367512303e-01 2.181393228705255094e-01 3.773817181101198348e-01 2.268038718023643874e-01 3.781145534923429641e-01 1.756486280245962983e-01 1.324881710594074946e-01 2.661930000495963955e-01 2.923654459294837138e-01 3.000587291893523356e-01 2.690375506391878280e-01 3.000840237357960127e-01 1.814782125869141005e-01 2.881427397945270918e-01 3.216241387736850643e-01 2.786919428029404067e-01 2.298607252772180143e-01 3.183313667860680485e-01 3.606546767289964261e-01 2.891042765585962182e-01 2.294374384971976932e-01 3.385639442124710463e-01 2.572478702187065425e-01 2.798334550007705035e-01 3.638839511287265682e-01 3.129445336273069533e-01 2.719316541662569198e-01 1.275174778310838586e-01 2.539781354601708951e-01 2.291424957930568995e-01 2.062284748124600109e-01 2.906862361251835170e-01 2.884514093294267001e-01
1.238584966248682806e-01 1.000000000000000000e+00 -4.588654880200971307e-03 -5.648364851070961090e-02 9.673995276841010349e-02 1.047554252070956593e-01 9.844128752669090154e-02 3.295547478883933956e-02 2.749876599334366220e-02 7.117313332380795221e-02 4.950745011238524146e-02 6.341521722855988918e-02 -3.075075553793607530e-02 -3.103027368359037585e-02 3.656127898998702552e-02 7.167246227042846363e-02 3.634348116983973642e-02 4.218041997764623852e-02 2.744607927827075189e-03 1.288264785281672820e-01 6.891483418812358042e-02 4.647406049740395589e-03 5.263209213532391711e-02 7.785856540718225083e-02 5.797356927032265572e-02 5.496313457267455738e-02 1.747007854395607462e-01 -9.584955758110191848e-03 5.746994024878032681e-02 5.337083317508303781e-02 3.212354728782111646e-03 5.657868424972289229e-02 1.761790738637242226e-02 2.630373497383765857e-02 1.055735570268802326e-02 1.003697871871488539e-01 -7.327679766515854398e-03 3.204598684685401599e-02 1.229647826723113402e-01 -3.124647982249653677e-02 5.232215117135194382e-02 -4.148257512475600484e-02 4.035550048723497013e-02 2.742678147630862873e-02 8.447508371239192959e-02 5.367627224689014431e-02 4.622948147525393625e-02 3.202214093143734841e-02 3.497935944298258271e-04 2.384497981642136333e-02 8.775826360502389512e-02 1.288284533358145523e-01 4.867838760986604313e-02 1.620023348069716262e-01 1.048780032134581375e-01
-7.808858968265272593e-02 -4.588654880200971307e-03 1.000000000000000000e+00 -2.773983584618815862e-02 -1.107321369017578473e-02 -1.281870994141211251e-01 -2.488935558685231517e-02 6.484761832564173330e-03 1.300673924308703294e-02 8.480687978327754173e-02 4.111776662656940057e-02 1.446273017199071510e-02 6.985557832602187767e-02 -5.982869712810739288e-03 -7.362192371932183010e-02 4.069248067346154657e-02 2.800520349682068463e-02 -1.948518002339449939e-02 -2.563920031844878558e-02 2.460465433207093683e-02 3.842837369320743247e-03 1.233624677418111437e-01 3.372305704988733804e-02 -4.197581272184157386e-02 2.620379932276986623e-02 -5.188203190493202027e-02 -1.437455620094314030e-03 1.959917905354519735e-02 1.480069968901656652e-02 5.554462809503769860e-02 -2.807262173482346843e-02 1.014051157366378242e-01 5.155659399978898549e-02 -2.566133772062873658e-02 1.670757721138382140e-02 -4.467697029041862306e-02 -3.870403553902411475e-02 1.679370964837455932e-02 -2.063948063048780951e-02 -4.828995253502631202e-02 2.268075423446237054e-02 -3.862535369968394389e-02 -6.297803613977623338e-02 -9.767893103751601469e-02 -2.226867451741471916e-03 -3.571517630077684219e-03 -7.436501681220734905e-02 3.406598028317913383e-03 -5.744607813604094004e-02 3.964676919007321249e-02 1.105864757803021702e-02 -3.437252236024268548e-02 2.714862046829613629e-02 -3.273377990878904159e-03 7.217339532955757697e-02
-8.612934887032358544e-02 -5.648364851070961090e-02 -2.773983584618815862e-02 1.000000000000000000e+00 -6.275480503571517765e-02 -8.247959800317530843e-02 -3.459064476444964620e-02 -1.118091166548422326e-02 -1.096450372821617877e-02 -4.862401199798890156e-02 4.282956567623675409e-02 -9.118676581884863075e-02 3.602844967420127525e-02 -2.154776982475291314e-02 -4.650772455105996184e-02 -1.185902183030817202e-02 -1.850861408934119726e-02 -1.457251981153731557e-02 1.035179472342011124e-02 -8.632434617138536048e-02 -5.329759516939643060e-02 -3.184903709190692930e-03 1.437196770541753453e-02 4.763065938495963242e-02 3.369227072404304413e-02 1.436256362969901869e-02 -6.707860508753379913e-02 -6.964679519987733436e-02 -5.485683950727817532e-02 4.499622708931443060e-02 -3.505199589088206502e-02 -6.281063147142176839e-02 -2.335609288705905659e-02 9.383028288029997277e-02 -9.613756941324776151e-03 -5.374579589224488113e-02 1.481910683202423040e-04 -5.222724090672165725e-02 -1.305368648535317790e-03 -8.957318687066558038e-02 -4.032892446375519607e-02 4.136304844760268357e-02 5.256109220018172212e-02 -1.052540975910899318e-01 -4.518180185282588690e-02 1.321297359741936510e-02 6.768301940062276291e-03 -1.082199884638393624e-03 -3.515059480263313385e-02 -3.593120899918598402e-03 -3.583014096475273941e-02 -7.134207182848811835e-02 -5.176213572468808290e-03 -1.472625860764106495e-02 -5.496403419697643011e-02
-4.240421552827070700e-02 9.673995276841010349e-02 -1.107321369017578473e-02 -6.275480503571517765e-02 1.000000000000000000e+00 -1.068531523093334268e-01 -1.124509977008007408e-02 -6.396435005724673828e-02 -1.194456599730565199e-02 -1.447804167286170611e-02 -2.331373193489766175e-03 4.124706180139980916e-02 -7.005618111158398720e-02 -3.757384546475699139e-02 3.248991760636221662e-03 -9.002323937701858445e-03 5.911812268530580380e-03 -2.180384632816026805e-02 -3.764058268781974442e-02 3.503876763010044942e-02 8.788817030910495501e-03 -4.996864910932052872e-02 -6.334556776891438201e-02 3.220354604148884664e-02 -1.208061769039258104e-01 -4.979413164234141459e-02 -2.066332729467001972e-02 -6.171590060854940246e-02 -5.812522604240433211e-02 -1.347396607663705649e-02 -8.639887900854252567e-02 1.129870173165688635e-01 -9.486038926325712772e-03 -6.131017927556006025e-02 1.856428782911332884e-02 5.076764922113450457e-02 -6.639624378796890602e-02 -6.095787874575927384e-02 4.772130983495732198e-02 1.109146178591601528e-01 -1.027628497538564667e-01 -2.831492782669938531e-03 3.298468808706263300e-02 -1.291389458357063667e-02 3.447021600169944411e-02 1.773980191043766919e-02 4.851330111694717589e-02 -3.621349552579966602e-02 2.748832410267743054e-02 1.250467154676472049e-02 1.751731733405609975e-02 5.304920729560660964e-02 -5.066255727854882679e-02 -3.857645336227608079e-02 2.409794051511096602e-02
2.592122754134255080e-01 1.047554252070956593e-01 -1.281870994141211251e-01 -8.247959800317530843e-02 -1.068531523093334268e-01 1.000000000000000000e+00 4.365355282535905990e-01 6.575644726475471380e-02 1.092909277615393138e-01 6.756849939878645239e-02 3.007689991540250449e-02 1.680292262475857334e-01 1.543924032346635777e-01 1.422719616985691493e-01 1.626522516160670284e-01 2.019468706457200891e-01 1.753782806911812209e-01 2.090013660137514107e-01 2.073942935088024520e-01 1.666039927773696749e-01 2.377549177029476546e-01 -3.114734203047864539e-02 9.962033510449333495e-02 1.801421447568160861e-01 2.634764911484878680e-01 2.039345626143995172e-01 2.583733286586564204e-01 1.942409397816078076e-01 2.045056367718420809e-01 1.589899314561233901e-01 3.443416074904322999e-01 1.237439231070399936e-01 2.145862161991160533e-01 1.671435900388542062e-01 1.546763901023450738e-01 1.852302711813035851e-01 2.461203099222228907e-01 1.618760053424421197e-01 1.816121256821376651e-01 2.804488269605980300e-01 2.741465001278144964e-01 1.874977396582977185e-01 1.639604428430060379e-01 2.624724593369546777e-01 2.314712034623417347e-01 2.477784773419889897e-01 2.568972306319818877e-01 2.086104445037406108e-01 2.881509728607695719e-01 9.011221022957724425e-02 2.211476239286882250e-01 2.211707655425462216e-01 1.461302060280899040e-01 2.241346037100347965e-01 2.228307595561537235e-01
2.980661794421237132e-01 9.844128752669090154e-02 -2.488935558685231517e-02 -3.459064476444964620e-02 -1.124509977008007408e-02 4.365355282535905990e-01 1.000000000000000000e+00 8.461985126666649037e-02 7.210538353243020615e-02 6.875724938588313739e-02 3.451038559473094958e-02 1.788569117532401997e-01 2.877399688580379866e-01 1.763127685579181370e-01 1.940205879156450264e-01 2.938728317852346006e-01 3.840392348529683142e-01 2.270985424603614300e-01 3.194449586035595923e-01 3.012156425130420589e-01 4.247260359289036780e-01 -6.127737554130133213e-02 2.324960027152429831e-02 2.858668243598991299e-01 4.180536275749170971e-01 1.741946138675538602e-01 4.319163082187140179e-01 2.234987719826919406e-01 8.400446517232784682e-02 2.926015001894818335e-01 3.447225069522384944e-01 2.816485961794380488e-01 3.376084869747126294e-01 2.468909401680556837e-01 2.659184508259622159e-01 3.247364856536714139e-01 3.271985915662632971e-01 2.898268312449781003e-01 3.179235508751922512e-01 2.886889171959744482e-01 3.414636099797540569e-01 1.190081938081008761e-01 1.473204551349672764e-01 2.916479114677039686e-01 3.513816933592910918e-01 3.013432867339010390e-01 3.805320994170294790e-01 3.119822746162378979e-01 2.894865876083338452e-01 2.269637315445167391e-01 2.836716244083696270e-01 3.833784631898756179e-01 2.444805001925024479e-01 3.296809814384336623e-01 3.444969983285422477e-01
7.702049614126477151e-02 3.295547478883933956e-02 6.484761832564173330e-03 -1.118091166548422326e-02 -6.396435005724673828e-02 6.575644726475471380e-02 8.461985126666649037e-02 1.000000000000000000e+00 -1.776932165451161963e-02 -5.699094240142036499e-03 -6.998697265239298138e-02 7.197174068663964031e-02 3.178667999972903391e-02 3.765922749956839705e-02 1.278668493813685247e-01 4.432857811692161865e-02 1.689529157023796635e-01 3.750121823316104885e-02 1.130472895469436245e-01 1.417595406932733448e-01 1.473140603642830448e-01 3.560000645674496478e-02 3.451867412899384258e-02 7.783315684031467951e-02 8.489244100800921733e-02 1.263472962403575928e-01 2.200711913888828974e-01 3.214465432037913462e-02 8.279786010809472852e-02 1.895601040463814335e-01 4.934262432686908895e-02 6.955312140814884359e-02 9.815788683644702250e-02 7.841855690124435729e-02 4.188609898331566161e-02 6.163070008399887389e-02 1.280190552364954548e-01 1.962778455357918339e-01 7.438841442893963374e-02 1.610547414760956364e-01 1.249044870896242193e-01 3.005653064170030198e-02 2.109215983244300541e-01 1.359400975728313476e-01 8.791650489712390937e-02 1.185727403049843531e-01 -1.159193750806955525e-02 1.427201726024525386e-01 1.024171732848065119e-01 1.517075617186084135e-01 1.523068155478458918e-02 1.217409943490687374e-01 6.461939818029888150e-02 7.554323349887762107e-02 1.299614210873309139e-01
4.959017258958987873e-02 2.749876599334366220e-02 1.300673924308703294e-02 -1.096450372821617877e-02 -1.194456599730565199e-02 1.092909277615393138e-01 7.210538353243020615e-02 -1.776932165451161963e-02 1.000000000000000000e+00 -5.546764789004737101e-02 -2.747113049878804891e-02 1.324731904409676836e-02 4.525283173088348598e-02 1.112034545478666758e-01 1.520949365909059214e-02 8.072453329881423834e-02 2.634932474429402260e-02 1.027289124917158680e-01 9.546287864975555593e-02 1.929947218661792752e-02 -2.628709002201762290e-02 9.539492996071909092e-03 -6.049031109710969328e-03 4.437473273640163418e-02 1.464149135375301392e-01 -2.254187350550896501e-02 9.131739691141052551e-02 1.686993769384888542e-01 5.396371615710679470e-02 6.376019028211626916e-02 1.064917017094149931e-01 1.015376691094889983e-01 8.490237716826601333e-02 1.909740068500416499e-01 7.756576915434768016e-02 1.480741560941117030e-01 1.181788146608570567e-01 8.155186253210300329e-02 4.778338267272003170e-02 1.310458407933506875e-02 1.402989052868414688e-01 7.217831229939736248e-02 3.901643646817506972e-02 9.748675904040821072e-02 6.599418703635537287e-02 1.360157316194971766e-01 1.202817969136932841e-01 -2.063185691592292481e-02 1.276985372627059967e-01 9.702833062186516644e-02 7.460349282985218045e-02 8.043399803509318491e-02 4.820138929348291579e-02 1.134922911988695826e-01 7.319764211942755838e-02
9.376212932338320871e-02 7.117313332380795221e-02 8.480687978327754173e-02 -4.862401199798890156e-02 -1.447804167286170611e-02 6.756849939878645239e-02 6.875724938588313739e-02 -5.699094240142036499e-03 -5.546764789004737101e-02 1.000000000000000000e+00 3.474369325120379992e-02 1.264422807238847063e-02 5.577484665800250263e-02 1.393674051290339500e-01 9.583984223785821377e-02 -2.195829145248615055e-02 5.267771396689491237e-03 9.381217105250658217e-02 1.777580999470282364e-01 6.586598663201326254e-02 6.067791904126890179e-02 -1.492721080472055734e-02 1.863929122901670718e-02 -6.529704084789818286e-03 1.120172103511294093e-01 1.160075549276708973e-01 8.297125041653716226e-02 -1.937869066767164417e-02 8.004475665870133816e-02 6.498463495438583371e-02 3.736681711750201862e-02 4.689783823566608112e-02 8.459988400508963724e-02 -2.687907211120807438e-02 5.851016946498668880e-02 1.081586033887080023e-01 -2.174794444078914646e-02 6.113425127034671780e-02 -5.297094931995934008e-03 1.218716785944033432e-01 9.619696030935043218e-02 -2.544627214245268054e-02 5.863830560191962693e-03 6.479796100299722861e-03 6.220652538755086502e-02 1.503558624855532988e-01 7.036472062384374615e-02 1.089123986830317636e-02 -6.423407442698872427e-02 2.416876641638807111e-02 1.954835990985625410e-02 5.133178274550584397e-02 4.999457826774419966e-02 4.035869057693627915e-02 1.706632022134318694e-01
-4.162416793880915900e-02 4.950745011238524146e-02 4.111776662656940057e-02 4.282956567623675409e-02 -2.331373193489766175e-03 3.007689991540250449e-02 3.451038559473094958e-02 -6.998697265239298138e-02 -2.747113049878804891e-02 3.474369325120379992e-02 9.999999701976776123e-01 -6.142816263284769235e-02 8.198054375271385252e-02 1.496924039914547533e-04 8.763442807879591109e-03 6.891678396873061885e-02 -2.888737841457653457e-02 6.240630780110029141e-02 -8.068486525625515049e-02 3.071711978084323141e-02 3.265440986543369228e-02 9.319306330298334981e-03 1.885170450009952814e-02 -3.690075321076413672e-02 4.167483575217612035e-02 -3.010182435150174710e-03 3.965374841861613042e-02 -3.377582488436180197e-02 2.891738620666000834e-03 2.763868087022971695e-02 3.631399027578718908e-02 -8.888460550976921143e-03 2.966644256882555383e-02 1.528252784423415715e-02 -3.646129991598541509e-02 2.745014179758613337e-02 -3.103857337445545608e-02 2.144273586831872691e-02 -3.546309357368471887e-02 -7.972566773598675077e-03 3.020431308216330740e-02 -2.395832521695572329e-02 2.237300832519201199e-02 7.606416309996295519e-03 1.245664194594455210e-01 -1.212941459499589439e-02 3.838092641951540429e-02 8.130363389425165899e-02 -1.404356942005269629e-02 2.859430031996291685e-02 -4.066041464443235012e-03 -3.479938930951348430e-02 -1.589602160504194339e-02 4.504040093041666859e-02 8.071003504909285420e-02
2.385637210463897595e-01 6.341521722855988918e-02 1.446273017199071510e-02 -9.118676581884863075e-02 4.124706180139980916e-02 1.680292262475857334e-01 1.788569117532401997e-01 7.197174068663964031e-02 1.324731904409676836e-02 1.264422807238847063e-02 -6.142816263284769235e-02 1.000000000000000000e+00 4.032410909584929759e-02 8.632266595344763316e-02 3.709309153427683969e-02 1.277166965029014056e-01 1.574514837987738280e-01 1.144178548854006411e-01 1.045003360189514785e-01 9.484362226174869459e-02 1.070538735069351821e-01 -6.359061951274900051e-03 9.238060528954261663e-02 1.018398292009691231e-01 1.945711721090856439e-01 1.204567327742437355e-01 2.066458810476842767e-01 1.629542310982409481e-01 3.877406570532468399e-02 6.698433068171316673e-02 8.892310874217909666e-02 2.496049748515502820e-01 1.927615154890600091e-01 8.572770995859035903e-02 1.958352063393963283e-01 1.609124128318203395e-01 1.501886708714085250e-01 1.764198463952911800e-01 1.165071241204599373e-01 2.706854691781120925e-01 1.780261639152626030e-01 8.502112080151472129e-02 1.239486410062679844e-01 1.182735670900715297e-01 6.419620538217124528e-02 1.570801871464878041e-01 1.591368237562494903e-01 1.923558462767187005e-01 9.229018654509218988e-02 5.413151283556852378e-02 1.425888398309210769e-01 2.404014977262645680e-01 8.090784575454088023e-02 8.411394680005607194e-02 9.384792918426093644e-02
2.259920976035816043e-01 -3.075075553793607530e-02 6.985557832602187767e-02 3.602844967420127525e-02 -7.005618111158398720e-02 1.543924032346635777e-01 2.877399688580379866e-01 3.178667999972903391e-02 4.525283173088348598e-02 5.577484665800250263e-02 8.198054375271385252e-02 4.032410909584929759e-02 1.000000000000000000e+00 9.824576104146537370e-02 1.791435966294420701e-01 2.084105147133860081e-01 3.242538360774044337e-01 1.508890923468652612e-01 2.316168783127788844e-01 2.787167664495270869e-01 4.072682795941356959e-01 6.609224021650068892e-02 3.846353416139516868e-02 2.096474908170264384e-01 3.612433126282745266e-01 2.787175646136793583e-01 2.475072009575420284e-01 2.402380978740769057e-01 1.067142857950100499e-01 2.527807591378216090e-01 2.278246143826589964e-01 1.907813018181667708e-01 2.978415073913389111e-01 2.931731103073152989e-01 2.062688676725420445e-01 2.115614462728890866e-01 2.945002050965551676e-01 2.280965058218035191e-01 2.935663677629988810e-01 2.697267563908819499e-01 3.019346512732070109e-01 1.779281696356850295e-01 1.729429748265329247e-01 1.910270435820612400e-01 2.912314519520131650e-01 3.271913811798421445e-01 2.717679323523763957e-01 3.872668160212093258e-01 2.849385248583608532e-01 2.572172856010513931e-01 1.627514876303237101e-01 1.966837890680162015e-01 2.129492510466161614e-01 2.473320853199092451e-01 2.792172864313451353e-01
2.033264538325386672e-01 -3.103027368359037585e-02 -5.982869712810739288e-03 -2.154776982475291314e-02 -3.757384546475699139e-02 1.422719616985691493e-01 1.763127685579181370e-01 3.765922749956839705e-02 1.112034545478666758e-01 1.393674051290339500e-01 1.496924039914547533e-04 8.632266595344763316e-02 9.824576104146537370e-02 9.999999701976776123e-01 1.504504479949848872e-01 9.017572667284640131e-02 3.250087080517158888e-01 7.008143883393802565e-02 3.159723607817039870e-01 1.923559560351592868e-01 2.527037318789706610e-01 -3.611112371511571162e-02 8.492822788896961517e-02 1.707390761845332949e-01 2.548055091750782153e-01 1.682592343895021325e-01 2.245591275271933696e-01 4.090787933820647093e-02 1.163232824259243792e-01 1.813244251528129958e-01 3.355527728309984359e-01 3.365044652929659041e-01 2.487340804067414424e-01 1.739949837683025247e-01 1.645966835676017648e-01 2.738049637882295495e-01 2.435797704377518080e-01 1.722418900935235864e-01 1.545260279350501864e-01 3.187819598236427687e-01 2.532601422541362890e-01 1.789327384685890088e-01 1.648262086902717583e-01 2.631931912509981042e-01 3.195884434591326206e-01 2.356946945275458782e-01 3.290101913729057692e-01 2.163800217089217326e-01 3.256962887820761821e-01 1.999195711469070325e-01 1.798422048710805743e-01 2.151391033168229550e-01 1.417709495519260399e-01 1.560669822703394383e-01 2.697546241889986485e-01
1.951092217660320705e-01 3.656127898998702552e-02 -7.362192371932183010e-02 -4.650772455105996184e-02 3.248991760636221662e-03 1.626522516160670284e-01 1.940205879156450264e-01 1.278668493813685247e-01 1.520949365909059214e-02 9.583984223785821377e-02 8.763442807879591109e-03 3.709309153427683969e-02 1.791435966294420701e-01 1.504504479949848872e-01 1.000000000000000000e+00 1.333241127213255772e-01 1.500324171392503625e-01 1.413479656463043910e-01 9.485425915403994379e-02 8.381209397775229997e-02 1.708536103723827249e-01 -9.504947415672532207e-02 -1.179433583972053223e-02 1.164774807737499196e-01 1.438759655746341404e-01 1.411868566429035077e-01 1.851113985347271618e-01 9.525876480749936870e-02 6.977649262910373684e-02 1.738905452547851449e-01 1.295370472647267013e-01 2.283940887130814223e-01 1.155100555213809665e-01 1.931817838704006085e-01 1.778382295524494061e-01 2.668001549100296188e-01 1.445427362231794244e-01 2.052398833082347829e-01 1.928460138486057240e-01 2.061836302636447793e-01 1.280361326978832204e-01 9.023202571681829265e-02 8.800691967061927135e-02 1.065708370661155591e-01 2.253452180005627303e-01 2.703561319123300999e-01 1.913278580067935830e-01 1.851138860973239597e-01 1.949573100599170383e-01 1.734821236472496586e-01 1.929080734596878011e-01 2.023721089638786941e-01 1.794013552849667292e-01 2.922455197252350478e-01 2.105073383130150466e-01
2.763148685911045455e-01 7.167246227042846363e-02 4.069248067346154657e-02 -1.185902183030817202e-02 -9.002323937701858445e-03 2.019468706457200891e-01 2.938728317852346006e-01 4.432857811692161865e-02 8.072453329881423834e-02 -2.195829145248615055e-02 6.891678396873061885e-02 1.277166965029014056e-01 2.084105147133860081e-01 9.017572667284640131e-02 1.333241127213255772e-01 1.000000000000000000e+00 3.077939435353632125e-01 2.428653212257967375e-01 2.134791522732134017e-01 2.931892158358816447e-01 3.008257507791872176e-01 6.509355670104380320e-02 1.453247111772673350e-01 3.470889007567886653e-01 2.845550668598996191e-01 1.946203775581877848e-01 3.621606831611977606e-01 2.273598366471648868e-01 9.665426258260141623e-02 4.113639354219789657e-01 3.301744707162705961e-01 2.708885263885585371e-01 3.804738675417290716e-01 2.557547792670291087e-01 2.434870835271638057e-01 1.989562727388899943e-01 2.465984209885950240e-01 2.584320876625340602e-01 2.096081016480449977e-01 3.394410036018247756e-01 2.810930734395508113e-01 2.667034284266353028e-01 1.544619082384330599e-01 2.863693026721004786e-01 3.092551337641530895e-01 2.742988517594390774e-01 3.546176779529209289e-01 3.351581883789883642e-01 3.336621639491902380e-01 1.973883562775970157e-01 3.268729498505119624e-01 3.258358644408040905e-01 1.223737998776656954e-01 3.534677637827449703e-01 2.792572466743045712e-01
2.804592674684577847e-01 3.634348116983973642e-02 2.800520349682068463e-02 -1.850861408934119726e-02 5.911812268530580380e-03 1.753782806911812209e-01 3.840392348529683142e-01 1.689529157023796635e-01 2.634932474429402260e-02 5.267771396689491237e-03 -2.888737841457653457e-02 1.574514837987738280e-01 3.242538360774044337e-01 3.250087080517158888e-01 1.500324171392503625e-01 3.077939435353632125e-01 1.000000000000000000e+00 1.876054950292436185e-01 5.067620288482335145e-01 4.755878081564867688e-01 5.939835768094685609e-01 -2.337278377868384077e-02 1.015601902847150795e-01 4.672380169873202038e-01 5.009810090258586257e-01 3.027149572482462081e-01 3.971869036748873483e-01 2.223257005092661998e-01 2.788812282131343800e-01 4.688741464069511866e-01 3.957989332439290076e-01 4.121444751681672125e-01 4.586437069073187600e-01 3.482278942575807723e-01 3.194094862302894744e-01 3.562421597054357680e-01 4.240126844397213435e-01 3.743463664760942611e-01 3.602532042210066510e-01 4.095609813830282664e-01 3.999749353175127697e-01 2.523216793191593310e-01 3.562864683802453580e-01 3.011010869851465377e-01 4.267433114538457528e-01 3.214892815987136498e-01 4.074337679794456935e-01 4.955566454872357141e-01 4.778573051288592111e-01 3.521098710474532267e-01 3.129038145785296154e-01 3.870150257090594903e-01 2.667512525106994214e-01 3.348284658233192101e-01 3.904052019307878152e-01
2.695230410488963502e-01 4.218041997764623852e-02 -1.948518002339449939e-02 -1.457251981153731557e-02 -2.180384632816026805e-02 2.090013660137514107e-01 2.270985424603614300e-01 3.750121823316104885e-02 1.027289124917158680e-01 9.381217105250658217e-02 6.240630780110029141e-02 1.144178548854006411e-01 1.508890923468652612e-01 7.008143883393802565e-02 1.413479656463043910e-01 2.428653212257967375e-01 1.876054950292436185e-01 1.000000000000000000e+00 2.650773156668273511e-01 1.828054999926433943e-01 2.195242665942040983e-01 7.574007514820818576e-02 -1.486044023800868474e-02 1.647076560178146742e-01 2.569762853800777735e-01 1.042421563439590304e-01 3.614141134440426173e-01 1.520116931394964177e-01 4.996370647842321433e-02 2.393588297303048673e-01 2.947897372852358311e-01 1.991267113100084751e-01 3.114754086255554499e-01 3.987881221065786019e-01 4.097295027414825097e-01 4.749975722471740380e-01 2.946634669090835157e-01 2.441936015062553256e-01 2.186511782923088454e-01 2.693452485139695707e-01 3.054484529414520644e-01 1.923174547598987538e-01 2.084699397958832412e-01 2.241786532946450083e-01 2.428165871527951380e-01 2.413073025521796366e-01 3.024152353639928403e-01 2.935181645571712794e-01 2.998149184405330958e-01 1.002327340291171986e-01 1.932934923091278456e-01 3.037511326250594279e-01 1.739287352241593032e-01 3.233995653566878459e-01 1.631779588636916301e-01
2.558135626924091244e-01 2.744607927827075189e-03 -2.563920031844878558e-02 1.035179472342011124e-02 -3.764058268781974442e-02 2.073942935088024520e-01 3.194449586035595923e-01 1.130472895469436245e-01 9.546287864975555593e-02 1.777580999470282364e-01 -8.068486525625515049e-02 1.045003360189514785e-01 2.316168783127788844e-01 3.159723607817039870e-01 9.485425915403994379e-02 2.134791522732134017e-01 5.067620288482335145e-01 2.650773156668273511e-01 1.000000000000000000e+00 3.935126667861902905e-01 4.394370626559879756e-01 5.661330419920235918e-02 7.201946895764865797e-02 3.874036936109030438e-01 5.505795017078387588e-01 3.878256812205667647e-01 4.678104430630671273e-01 2.080735035118621012e-01 2.414604189441829640e-01 4.291135381808903193e-01 4.038981017829762488e-01 2.839009356858120947e-01 4.201082721546160470e-01 2.628561838975305709e-01 3.401167302837724837e-01 3.347153480610008391e-01 5.306353356590893799e-01 3.246380578240509185e-01 4.129050770794117642e-01 4.747638713470127558e-01 3.361842079107725811e-01 2.373242668685477397e-01 2.671694964404431882e-01 3.229321412256117019e-01 4.184537004868056909e-01 4.926396455804374352e-01 4.327801439812805628e-01 4.148593194976317178e-01 4.216638118222224008e-01 1.987478576478522441e-01 3.155803537015879345e-01 3.792009424606826440e-01 3.407242246206132474e-01 3.657706897894408837e-01 5.057115178743865069e-01
2.845037127147642675e-01 1.288264785281672820e-01 2.460465433207093683e-02 -8.632434617138536048e-02 3.503876763010044942e-02 1.666039927773696749e-01 3.012156425130420589e-01 1.417595406932733448e-01 1.929947218661792752e-02 6.586598663201326254e-02 3.071711978084323141e-02 9.484362226174869459e-02 2.787167664495270869e-01 1.923559560351592868e-01 8.381209397775229997e-02 2.931892158358816447e-01 4.755878081564867688e-01 1.828054999926433943e-01 3.935126667861902905e-01 1.000000000000000000e+00 4.632901703958475781e-01 -3.931617327920948479e-02 8.387850938204655105e-02 3.850476465633268508e-01 4.406760890225436822e-01 2.190622774779323878e-01 4.194683987835910455e-01 1.532707570205721348e-01 1.753543810700790295e-01 5.158760106210673602e-01 2.342846332204395199e-01 2.456852508795314693e-01 4.573670696655776635e-01 3.097823535918716731e-01 3.423527864634517970e-01 2.660044370114330592e-01 4.094495797549450589e-01 3.225236100971226039e-01 3.838505841305608901e-01 4.529376929645502758e-01 3.702725454678888473e-01 1.108506379734072178e-01 2.427982017391667746e-01 2.695012478053097071e-01 4.228741866709576636e-01 2.866383087994442969e-01 3.929810008053744030e-01 4.500109512547519341e-01 4.208296235839393273e-01 2.382230965505632847e-01 3.217730199432130012e-01 3.616279028529213457e-01 2.262810030945883177e-01 3.477703952403651266e-01 3.582763723270879774e-01
3.052062312227540875e-01 6.891483418812358042e-02 3.842837369320743247e-03 -5.329759516939643060e-02 8.788817030910495501e-03 2.377549177029476546e-01 4.247260359289036780e-01 1.473140603642830448e-01 -2.628709002201762290e-02 6.067791904126890179e-02 3.265440986543369228e-02 1.070538735069351821e-01 4.072682795941356959e-01 2.527037318789706610e-01 1.708536103723827249e-01 3.008257507791872176e-01 5.939835768094685609e-01 2.195242665942040983e-01 4.394370626559879756e-01 4.632901703958475781e-01 1.000000000000000000e+00 8.719042421801388720e-03 7.592589777158298414e-02 2.911498626713717175e-01 4.633924685612189065e-01 3.938740401974077376e-01 4.514495343163477670e-01 2.809891246137183329e-01 1.490073824868827779e-01 4.561285313120510554e-01 3.402899508537636786e-01 3.368421313526021033e-01 4.483494855657088052e-01 2.676739155760164413e-01 2.953706442823763045e-01 2.822448446860666427e-01 4.156477499654915309e-01 3.546744830420370254e-01 3.650832219068968487e-01 4.389707643440391993e-01 3.929430214707815838e-01 2.026259444531958720e-01 2.948201358552304807e-01 3.596297673395033034e-01 4.577055495420959130e-01 4.174813401142623559e-01 4.591995824030067896e-01 4.601966155886518250e-01 4.408183492913710366e-01 3.217459685978453776e-01 3.018823197131121350e-01 3.914760235885646478e-01 2.133434325690595212e-01 3.992890320906903878e-01 4.037843603829410211e-01
-2.915778560267055786e-03 4.647406049740395589e-03 1.233624677418111437e-01 -3.184903709190692930e-03 -4.996864910932052872e-02 -3.114734203047864539e-02 -6.127737554130133213e-02 3.560000645674496478e-02 9.539492996071909092e-03 -1.492721080472055734e-02 9.319306330298334981e-03 -6.359061951274900051e-03 6.609224021650068892e-02 -3.611112371511571162e-02 -9.504947415672532207e-02 6.509355670104380320e-02 -2.337278377868384077e-02 7.574007514820818576e-02 5.661330419920235918e-02 -3.931617327920948479e-02 8.719042421801388720e-03 1.000000000000000000e+00 3.598077463130539694e-02 1.977298445113146938e-02 2.970761599894228278e-02 5.059685027490015696e-02 5.422282944377126990e-02 4.372440831782320458e-02 3.325737096695337985e-03 3.555303114794045732e-02 -5.168929787692602695e-02 3.943360132756654202e-02 1.101914083486384421e-01 2.824406912813540518e-02 7.933152308950777720e-02 -6.980158919205312062e-02 -4.737140562988966658e-02 1.795383198449965537e-02 3.071589059241259731e-02 3.296216144397859371e-04 -6.817966290704761956e-02 3.807224514009455163e-02 1.259323809252504978e-02 -8.575256550236099590e-03 -3.922164490108530355e-02 8.907244972538544414e-03 1.961950690968335131e-03 2.277946266289415655e-02 -5.322264527026948633e-02 -1.435414520977040809e-02 2.194919101007426418e-02 2.294206383044679332e-02 1.823324432256642411e-02 7.682995371174408672e-03 4.886312360281903910e-02
1.038345395367512303e-01 5.263209213532391711e-02 3.372305704988733804e-02 1.437196770541753453e-02 -6.334556776891438201e-02 9.962033510449333495e-02 2.324960027152429831e-02 3.451867412899384258e-02 -6.049031109710969328e-03 1.863929122901670718e-02 1.885170450009952814e-02 9.238060528954261663e-02 3.846353416139516868e-02 8.492822788896961517e-02 -1.179433583972053223e-02 1.453247111772673350e-01 1.015601902847150795e-01 -1.486044023800868474e-02 7.201946895764865797e-02 8.387850938204655105e-02 7.592589777158298414e-02 3.598077463130539694e-02 1.000000000000000000e+00 1.759647798335922664e-01 6.031950438481864518e-02 2.502933465426342430e-01 1.164066406534343678e-01 1.188290206044379238e-01 4.778773371951751392e-02 1.370206810181001655e-01 1.496974026810539704e-01 8.591114748531709921e-02 1.496195547850161511e-01 1.963547118490116816e-01 9.684311268083026225e-02 9.362806235603263194e-02 1.703464388494352333e-01 9.677192909482845717e-02 9.753420544628033095e-02 8.049916845010318678e-02 1.169993538952244228e-01 7.498596184484584981e-02 1.510876969804578196e-03 6.058653299859931285e-02 8.466334359401625487e-02 8.246267462235984391e-02 6.707861643479862135e-02 1.123878906117111165e-01 1.951603280947833974e-01 3.137821279995067769e-02 9.847534043554195815e-02 1.872484395062343487e-01 8.250960781555395640e-02 9.532965438121718260e-02 1.303442111020700345e-01
2.181393228705255094e-01 7.785856540718225083e-02 -4.197581272184157386e-02 4.763065938495963242e-02 3.220354604148884664e-02 1.801421447568160861e-01 2.858668243598991299e-01 7.783315684031467951e-02 4.437473273640163418e-02 -6.529704084789818286e-03 -3.690075321076413672e-02 1.018398292009691231e-01 2.096474908170264384e-01 1.707390761845332949e-01 1.164774807737499196e-01 3.470889007567886653e-01 4.672380169873202038e-01 1.647076560178146742e-01 3.874036936109030438e-01 3.850476465633268508e-01 2.911498626713717175e-01 1.977298445113146938e-02 1.759647798335922664e-01 1.000000000000000000e+00 4.613557491640117303e-01 3.705382881581310572e-01 4.097066145578887597e-01 2.297702042470964878e-01 8.934098200553816649e-02 4.849284222369158459e-01 3.218539882537775898e-01 2.772776683878951931e-01 4.122868968362476960e-01 2.684488048672203364e-01 2.993397408991579356e-01 2.474464414536480250e-01 4.274538500254118634e-01 3.090795943408731761e-01 3.127393856158609542e-01 3.232504842822516156e-01 2.716043203583116683e-01 2.190119160424265354e-01 2.413383675732956313e-01 2.933684563159469905e-01 4.978732265725600015e-01 3.314422262074337988e-01 4.630088662748301220e-01 4.306485295484330789e-01 4.607089866141345635e-01 2.702790780077967137e-01 3.154501769205684814e-01 3.360850387426005392e-01 2.741507953026638411e-01 3.502941080542193442e-01 3.538048244254575758e-01
3.773817181101198348e-01 5.797356927032265572e-02 2.620379932276986623e-02 3.369227072404304413e-02 -1.208061769039258104e-01 2.634764911484878680e-01 4.180536275749170971e-01 8.489244100800921733e-02 1.464149135375301392e-01 1.120172103511294093e-01 4.167483575217612035e-02 1.945711721090856439e-01 3.612433126282745266e-01 2.548055091750782153e-01 1.438759655746341404e-01 2.845550668598996191e-01 5.009810090258586257e-01 2.569762853800777735e-01 5.505795017078387588e-01 4.406760890225436822e-01 4.633924685612189065e-01 2.970761599894228278e-02 6.031950438481864518e-02 4.613557491640117303e-01 1.000000000000000000e+00 3.390143593015061407e-01 5.219127424061298370e-01 2.802278259071735445e-01 2.138174971617775588e-01 5.238118082478511184e-01 4.441954573636019421e-01 3.889399497789406968e-01 4.413065016269683838e-01 3.163427193822251349e-01 3.408148554326878577e-01 3.704292853535996466e-01 5.327901154950129836e-01 3.525489387275563269e-01 3.190018829146888391e-01 4.755280329108106385e-01 4.897838156858947412e-01 2.899553928758231702e-01 3.880292264639858546e-01 3.432935527698980360e-01 4.712541337958004450e-01 4.267769746384050822e-01 4.892680593028532754e-01 4.924393836408853531e-01 4.572385847568511963e-01 2.654152442003814283e-01 3.652453232745196954e-01 3.531588252535488581e-01 3.266193879663471522e-01 3.341722052446033930e-01 4.509775556525614237e-01
2.268038718023643874e-01 5.496313457267455738e-02 -5.188203190493202027e-02 1.436256362969901869e-02 -4.979413164234141459e-02 2.039345626143995172e-01 1.741946138675538602e-01 1.263472962403575928e-01 -2.254187350550896501e-02 1.160075549276708973e-01 -3.010182435150174710e-03 1.204567327742437355e-01 2.787175646136793583e-01 1.682592343895021325e-01 1.411868566429035077e-01 1.946203775581877848e-01 3.027149572482462081e-01 1.042421563439590304e-01 3.878256812205667647e-01 2.190622774779323878e-01 3.938740401974077376e-01 5.059685027490015696e-02 2.502933465426342430e-01 3.705382881581310572e-01 3.390143593015061407e-01 1.000000000000000000e+00 3.279947941364632635e-01 2.341042293320688694e-01 1.715012455385340195e-01 3.380239031722898635e-01 2.180426813896028104e-01 1.551864244277803007e-01 3.171358076097355871e-01 2.525149986025851390e-01 1.261101432022612712e-01 2.130533076700728556e-01 2.911727301290388259e-01 2.213375002023738047e-01 2.976557401835445704e-01 2.844067349543924483e-01 2.242571947991375270e-01 1.238694802912593540e-01 1.695158696644527285e-01 2.694408662495177409e-01 3.582964738917404079e-01 3.596452040684276485e-01 2.762209012618417892e-01 3.846396231265650778e-01 3.320778836669312506e-01 1.705536783727527317e-01 2.321483319520477595e-01 3.571956394326740170e-01 2.128861221395952075e-01 3.295204391789489651e-01 4.174514454962597876e-01
3.781145534923429641e-01 1.747007854395607462e-01 -1.437455620094314030e-03 -6.707860508753379913e-02 -2.066332729467001972e-02 2.583733286586564204e-01 4.319163082187140179e-01 2.200711913888828974e-01 9.131739691141052551e-02 8.297125041653716226e-02 3.965374841861613042e-02 2.066458810476842767e-01 2.475072009575420284e-01 2.245591275271933696e-01 1.851113985347271618e-01 3.621606831611977606e-01 3.971869036748873483e-01 3.614141134440426173e-01 4.678104430630671273e-01 4.194683987835910455e-01 4.514495343163477670e-01 5.422282944377126990e-02 1.164066406534343678e-01 4.097066145578887597e-01 5.219127424061298370e-01 3.279947941364632635e-01 1.000000000000000000e+00 2.360449493165341917e-01 1.321085592784004836e-01 5.161188975170123427e-01 4.284826969747507763e-01 4.716279065256083203e-01 4.325100779533386230e-01 3.020730433227406531e-01 3.295945641757832556e-01 4.060096037747250586e-01 5.172844812467563003e-01 4.965595496060238867e-01 4.711696725527312890e-01 4.582026306733357202e-01 4.372780524382856027e-01 2.330065243180123868e-01 2.465576616942409816e-01 3.801937666894780188e-01 4.570538729330923533e-01 4.813610400906231379e-01 4.852818235948549996e-01 5.328673608601093292e-01 4.847863577306270599e-01 2.246041469509927335e-01 3.883264582792785302e-01 5.803732138028767640e-01 3.057419018715147319e-01 5.222535144439366395e-01 5.077629621973660523e-01
1.756486280245962983e-01 -9.584955758110191848e-03 1.959917905354519735e-02 -6.964679519987733436e-02 -6.171590060854940246e-02 1.942409397816078076e-01 2.234987719826919406e-01 3.214465432037913462e-02 1.686993769384888542e-01 -1.937869066767164417e-02 -3.377582488436180197e-02 1.629542310982409481e-01 2.402380978740769057e-01 4.090787933820647093e-02 9.525876480749936870e-02 2.273598366471648868e-01 2.223257005092661998e-01 1.520116931394964177e-01 2.080735035118621012e-01 1.532707570205721348e-01 2.809891246137183329e-01 4.372440831782320458e-02 1.188290206044379238e-01 2.297702042470964878e-01 2.802278259071735445e-01 2.341042293320688694e-01 2.360449493165341917e-01 1.000000000000000000e+00 3.899770583342533625e-02 2.346015732613366267e-01 1.909608608954173892e-01 2.730132742696029791e-01 3.288605384762612882e-01 1.537999861928344425e-01 1.603040152284026798e-01 2.385625706108928379e-01 2.623533189174693248e-01 2.707600907477260010e-01 2.534590868364366978e-01 2.061505161103766581e-01 2.706139070998224705e-01 1.092763431017259590e-01 9.670045102101859635e-02 2.430362121256709751e-01 2.549765491851911925e-01 2.316286675625787161e-01 1.937810920056861064e-01 2.495184600587216917e-01 2.572345160181848112e-01 2.127515859548906318e-01 2.073644271205458134e-01 2.034321194508419417e-01 2.485090854213863332e-01 1.857331795611725234e-01 1.759387202794877592e-01
