1.000000000000000000e+00 1.446292698383331299e-01 -1.567387282848358154e-01 -1.722646653652191162e-01 -8.506026118993759155e-02 1.751617044210433960e-01 8.354634791612625122e-02 1.026168465614318848e-04 -1.103200763463973999e-02 4.353716224431991577e-02 -1.085831150412559509e-01 1.962241530418395996e-01 3.251818567514419556e-02 6.339006125926971436e-02 1.274740248918533325e-01 7.317962497472763062e-02 -6.545979529619216919e-02 1.466962695121765137e-01 -1.147512048482894897e-01 2.099541760981082916e-02 -1.596586778759956360e-02 -5.525697767734527588e-02 -7.343329489231109619e-03 -1.117333620786666870e-01 8.509466052055358887e-02 -2.584236860275268555e-02 8.656033128499984741e-02 -1.568927429616451263e-02 3.510393202304840088e-02 -9.399233013391494751e-02 7.214488089084625244e-02 8.753144741058349609e-02 -1.315936744213104248e-01 1.207179352641105652e-01 -1.164936870336532593e-01 9.683536738157272339e-02 1.686994731426239014e-02 7.793377339839935303e-02 -8.829055726528167725e-02 1.028440333902835846e-02 1.732973456382751465e-01 2.112220227718353271e-01 6.652506440877914429e-02 1.976777762174606323e-01 -7.139063626527786255e-02 -2.621946670114994049e-02 1.013895720243453979e-01 -4.377970844507217407e-02 -1.258054673671722412e-01 -1.119515746831893921e-01 -4.005573689937591553e-02 -1.276013851165771484e-01 2.010713703930377960e-02 -4.513904452323913574e-03 -8.983558043837547302e-03
1.446292698383331299e-01 1.000000000000000000e+00 -9.397633373737335205e-03 -1.129762083292007446e-01 1.932595819234848022e-01 1.306041926145553589e-01 7.905319333076477051e-02 3.052476420998573303e-02 1.716572605073451996e-02 1.170114874839782715e-01 9.235832840204238892e-02 7.033712416887283325e-02 -1.579251736402511597e-01 -1.409672051668167114e-01 1.272486522793769836e-02 3.313257172703742981e-02 -7.130013406276702881e-02 -1.872688345611095428e-02 -1.590881943702697754e-01 1.316801160573959351e-01 -6.157428026199340820e-03 -2.380384877324104309e-02 5.583876371383666992e-02 2.974428981542587280e-02 -3.799123689532279968e-02 -2.860836684703826904e-04 1.954631954431533813e-01 -1.035299897193908691e-01 -1.973923295736312866e-02 -3.724543005228042603e-02 -1.114046722650527954e-01 -4.672013223171234131e-03 -1.187025606632232666e-01 -5.760488286614418030e-02 -8.909764140844345093e-02 9.052722156047821045e-02 -1.586424559354782104e-01 -4.612037912011146545e-02 1.199567243456840515e-01 -2.064800560474395752e-01 -2.132853865623474121e-02 -1.673252284526824951e-01 -9.479396045207977295e-03 -5.535878986120223999e-02 3.427105396986007690e-02 -2.732656896114349365e-02 -5.152813345193862915e-02 -8.989409357309341431e-02 -1.532387882471084595e-01 -3.667011857032775879e-02 4.954368621110916138e-02 1.229777932167053223e-01 7.166378200054168701e-03 1.893255561590194702e-01 7.507689297199249268e-02
-1.567387282848358154e-01 -9.397633373737335205e-03 1.000000000000000000e+00 -5.547972023487091064e-02 -2.214762754738330841e-02 -2.566620409488677979e-01 -5.020853877067565918e-02 1.282197982072830200e-02 2.590784430503845215e-02 1.694930195808410645e-01 8.218138664960861206e-02 2.865622565150260925e-02 1.393594145774841309e-01 -1.225358154624700546e-02 -1.474641710519790649e-01 8.092542737722396851e-02 5.548515915870666504e-02 -3.934641182422637939e-02 -5.180364847183227539e-02 4.874977469444274902e-02 7.085315883159637451e-03 2.466440796852111816e-01 6.726581603288650513e-02 -8.447687327861785889e-02 5.184604972600936890e-02 -1.041661053895950317e-01 -3.436460159718990326e-03 3.889062255620956421e-02 2.903985045850276947e-02 1.105640083551406860e-01 -5.657507106661796570e-02 2.023804038763046265e-01 1.025516390800476074e-01 -5.172471702098846436e-02 3.301311284303665161e-02 -8.975598216056823730e-02 -7.793331891298294067e-02 3.318537771701812744e-02 -4.173849523067474365e-02 -9.710515290498733521e-02 4.490197449922561646e-02 -7.755844295024871826e-02 -1.262850761413574219e-01 -1.958173960447311401e-01 -5.015283823013305664e-03 -7.634328678250312805e-03 -1.493303924798965454e-01 6.251647137105464935e-03 -1.154537051916122437e-01 7.898580282926559448e-02 2.165776118636131287e-02 -6.923633813858032227e-02 5.392118915915489197e-02 -7.038049399852752686e-03 1.438554972410202026e-01
-1.722646653652191162e-01 -1.129762083292007446e-01 -5.547972023487091064e-02 1.000000000000000000e+00 -1.255100220441818237e-01 -1.649660170078277588e-01 -6.918811053037643433e-02 -2.236581966280937195e-02 -2.193119749426841736e-02 -9.724994003772735596e-02 8.565745502710342407e-02 -1.823768019676208496e-01 7.205051928758621216e-02 -4.310010746121406555e-02 -9.302067011594772339e-02 -2.372442372143268585e-02 -3.702556341886520386e-02 -2.915186062455177307e-02 2.069525420665740967e-02 -1.726559847593307495e-01 -1.066035255789756775e-01 -6.370930001139640808e-03 2.874019742012023926e-02 9.525402635335922241e-02 6.737563014030456543e-02 2.871874719858169556e-02 -1.341661214828491211e-01 -1.393008828163146973e-01 -1.097171753644943237e-01 8.998411893844604492e-02 -7.011081278324127197e-02 -1.256280839443206787e-01 -4.672109708189964294e-02 1.876532733440399170e-01 -1.923480629920959473e-02 -1.074988842010498047e-01 2.880468964576721191e-04 -1.044617742300033569e-01 -2.618029713630676270e-03 -1.791547089815139771e-01 -8.066514134407043457e-02 8.271880447864532471e-02 1.051169633865356445e-01 -2.105145752429962158e-01 -9.037140011787414551e-02 2.641576156020164490e-02 1.352707669138908386e-02 -2.173311077058315277e-03 -7.031010091304779053e-02 -7.191125303506851196e-03 -7.166757434606552124e-02 -1.426919400691986084e-01 -1.035924814641475677e-02 -2.946142852306365967e-02 -1.099358648061752319e-01
-8.506026118993759155e-02 1.932595819234848022e-01 -2.214762754738330841e-02 -1.255100220441818237e-01 1.000000000000000000e+00 -2.139266282320022583e-01 -2.277804166078567505e-02 -1.293599456548690796e-01 -2.399476617574691772e-02 -2.903693914413452148e-02 -4.699006676673889160e-03 8.235611766576766968e-02 -1.403479129076004028e-01 -7.534044981002807617e-02 6.277659907937049866e-03 -1.827388256788253784e-02 1.147188246250152588e-02 -4.385952278971672058e-02 -7.563290745019912720e-02 6.976979970932006836e-02 1.717559248208999634e-02 -9.996902197599411011e-02 -1.268488764762878418e-01 6.409935653209686279e-02 -2.419884055852890015e-01 -9.989599883556365967e-02 -4.170270636677742004e-02 -1.236673519015312195e-01 -1.163795366883277893e-01 -2.729967422783374786e-02 -1.730856001377105713e-01 2.256861925125122070e-01 -1.934812963008880615e-02 -1.228895932435989380e-01 3.685934096574783325e-02 1.012660637497901917e-01 -1.331442296504974365e-01 -1.222674995660781860e-01 9.513488411903381348e-02 2.214774936437606812e-01 -2.058334350585937500e-01 -5.932220257818698883e-03 6.532752513885498047e-02 -2.609702385962009430e-02 6.861142814159393311e-02 3.510355204343795776e-02 9.662456065416336060e-02 -7.280304282903671265e-02 5.460059642791748047e-02 2.480326220393180847e-02 3.472689911723136902e-02 1.057694107294082642e-01 -1.015454381704330444e-01 -7.748191058635711670e-02 4.786687716841697693e-02
1.751617044210433960e-01 1.306041926145553589e-01 -2.566620409488677979e-01 -1.649660170078277588e-01 -2.139266282320022583e-01 1.000000000000000000e+00 2.034022808074951172e-01 1.368351280689239502e-02 1.342217773199081421e-01 6.133122742176055908e-02 3.119611926376819611e-02 1.210460439324378967e-01 -1.228796318173408508e-02 2.179950475692749023e-02 1.241914778947830200e-01 3.690721094608306885e-02 -1.286935508251190186e-01 1.176855713129043579e-01 -6.466152518987655640e-02 -8.625802397727966309e-02 -3.940276801586151123e-03 -1.001264899969100952e-01 3.466325998306274414e-02 -5.918172001838684082e-02 1.436697132885456085e-02 4.088259488344192505e-02 4.160646349191665649e-03 1.075785905122756958e-01 2.330595403909683228e-01 -1.614702492952346802e-01 2.963334023952484131e-01 -1.448619663715362549e-01 -8.341357856988906860e-02 -3.269935026764869690e-02 -5.763375014066696167e-02 3.474012017250061035e-03 1.279050763696432114e-02 -4.323451966047286987e-02 -5.624175816774368286e-02 8.144754171371459961e-02 1.288269907236099243e-01 9.409219026565551758e-02 2.760372497141361237e-02 1.579583883285522461e-01 1.448613777756690979e-02 4.710068553686141968e-02 3.434434905648231506e-02 -9.536512196063995361e-02 6.371593475341796875e-02 -1.006788685917854309e-01 2.282923832535743713e-02 -6.114738062024116516e-03 -8.056748658418655396e-03 -1.870617270469665527e-04 -2.794750034809112549e-03
8.354634791612625122e-02 7.905319333076477051e-02 -5.020853877067565918e-02 -6.918811053037643433e-02 -2.277804166078567505e-02 2.034022808074951172e-01 1.000000000000000000e+00 -6.712030619382858276e-03 1.823792606592178345e-02 2.730214595794677734e-02 4.006309062242507935e-02 3.664105385541915894e-02 9.602982550859451294e-02 -3.972427546977996826e-02 8.772401511669158936e-02 3.973365575075149536e-02 5.212734639644622803e-02 5.740815773606300354e-03 -7.706120610237121582e-02 -2.394704520702362061e-02 1.335009485483169556e-01 -1.790480613708496094e-01 -1.992602199316024780e-01 -5.464468151330947876e-02 7.067510485649108887e-02 -1.996227800846099854e-01 9.840046614408493042e-02 2.753153443336486816e-02 -9.473548829555511475e-02 -1.307481229305267334e-01 1.035586372017860413e-01 -2.258918434381484985e-02 -9.021517634391784668e-02 -5.423012748360633850e-02 -1.617510616779327393e-02 1.014609634876251221e-01 -6.155394017696380615e-02 3.164165467023849487e-02 9.468771517276763916e-03 -1.385732889175415039e-01 5.654888972640037537e-02 -1.814496219158172607e-01 -1.538153588771820068e-01 3.528381511569023132e-02 3.309461101889610291e-02 -6.698220223188400269e-02 4.511307552456855774e-02 -1.414676010608673096e-01 -1.864589750766754150e-01 3.446145355701446533e-02 -5.903508141636848450e-02 9.708815068006515503e-02 4.050473123788833618e-02 -1.030681282281875610e-02 1.932522095739841461e-02
1.026168465614318848e-04 3.052476420998573303e-02 1.282197982072830200e-02 -2.236581966280937195e-02 -1.293599456548690796e-01 1.368351280689239502e-02 -6.712030619382858276e-03 1.000000000000000000e+00 -7.337044924497604370e-02 -4.922999441623687744e-02 -1.499140411615371704e-01 5.958340317010879517e-02 -8.041373640298843384e-02 -4.251092672348022461e-02 1.526459753513336182e-01 -7.592025399208068848e-02 1.228934228420257568e-01 -5.967667698860168457e-02 1.108217053115367889e-02 9.540691971778869629e-02 7.961571216583251953e-02 5.423410236835479736e-02 -1.532272994518280029e-02 -3.244584798812866211e-02 -6.008752807974815369e-02 8.811718225479125977e-02 2.102699726819992065e-01 -7.969778776168823242e-02 8.668906241655349731e-02 1.641077995300292969e-01 -7.726648449897766113e-02 -3.684549033641815186e-02 -3.355663642287254333e-02 -7.740296423435211182e-03 -8.080521225929260254e-02 -4.131601005792617798e-02 4.102570191025733948e-02 1.775432825088500977e-01 -3.933533281087875366e-02 1.070970743894577026e-01 6.169681251049041748e-02 -6.585977971553802490e-02 2.949338406324386597e-02 1.073027849197387695e-01 -2.528001554310321808e-02 7.273070514202117920e-03 -2.381962835788726807e-01 5.556793510913848877e-02 -2.503806352615356445e-02 1.774422824382781982e-01 -1.576507985591888428e-01 4.236896336078643799e-02 -5.440317094326019287e-03 -5.002655833959579468e-02 5.880981683731079102e-02
-1.103200763463973999e-02 1.716572605073451996e-02 2.590784430503845215e-02 -2.193119749426841736e-02 -2.399476617574691772e-02 1.342217773199081421e-01 1.823792606592178345e-02 -7.337044924497604370e-02 1.000000000000000000e+00 -1.346323192119598389e-01 -6.116852164268493652e-02 -4.253999143838882446e-02 -1.258205994963645935e-02 1.380468308925628662e-01 -3.415292873978614807e-02 4.361968487501144409e-02 -1.012397259473800659e-01 -9.554583579301834106e-03 1.497402414679527283e-02 -9.608016908168792725e-02 -2.065125554800033569e-01 5.195222795009613037e-03 -6.493938714265823364e-02 -4.592964798212051392e-02 1.282524168491363525e-01 -1.629131287336349487e-01 1.805738359689712524e-02 2.472083568572998047e-01 5.143412202596664429e-02 -2.641799487173557281e-02 8.701056241989135742e-02 7.710249722003936768e-02 5.227344110608100891e-03 1.520756036043167114e-01 -7.474087178707122803e-02 6.627590209245681763e-02 8.241925388574600220e-02 4.527434334158897400e-02 -3.911234810948371887e-02 -1.277292072772979736e-01 1.459186971187591553e-01 5.416622757911682129e-02 -1.839078962802886963e-02 6.029440462589263916e-02 -1.199872232973575592e-02 1.280443668365478516e-01 8.662521839141845703e-02 -2.058411240577697754e-01 9.081966429948806763e-02 1.038662642240524292e-01 1.452787220478057861e-02 1.688089966773986816e-02 -2.088397741317749023e-05 8.299748599529266357e-02 2.408187836408615112e-03
4.353716224431991577e-02 1.170114874839782715e-01 1.694930195808410645e-01 -9.724994003772735596e-02 -2.903693914413452148e-02 6.133122742176055908e-02 2.730214595794677734e-02 -4.922999441623687744e-02 -1.346323192119598389e-01 1.000000000000000000e+00 6.404009461402893066e-02 -4.374617338180541992e-02 8.461969904601573944e-03 2.049290388822555542e-01 1.351863741874694824e-01 -1.470043063163757324e-01 -1.241435706615447998e-01 9.120067954063415527e-02 2.208370864391326904e-01 1.390259154140949249e-02 -1.332327537238597870e-02 -4.048150032758712769e-02 -8.951753377914428711e-03 -1.308887898921966553e-01 8.004732429981231689e-02 1.141857281327247620e-01 2.195540443062782288e-02 -1.176640391349792480e-01 1.035962030291557312e-01 -4.709843546152114868e-03 -3.547871857881546021e-02 -1.641667634248733521e-02 2.521267160773277283e-02 -1.568458676338195801e-01 1.393261551856994629e-02 1.132294833660125732e-01 -1.781750023365020752e-01 -1.241061091423034668e-02 -1.284235715866088867e-01 1.090642437338829041e-01 7.456453889608383179e-02 -1.297992020845413208e-01 -7.263241708278656006e-02 -9.012813121080398560e-02 -1.559790223836898804e-03 1.747388839721679688e-01 6.050327792763710022e-03 -1.222046166658401489e-01 -2.724552452564239502e-01 -3.056912496685981750e-02 -7.873266190290451050e-02 -2.330927550792694092e-02 3.565493971109390259e-03 -4.525545984506607056e-02 2.153535634279251099e-01
-1.085831150412559509e-01 9.235832840204238892e-02 8.218138664960861206e-02 8.565745502710342407e-02 -4.699006676673889160e-03 3.119611926376819611e-02 4.006309062242507935e-02 -1.499140411615371704e-01 -6.116852164268493652e-02 6.404009461402893066e-02 9.999999403953552246e-01 -1.367400884628295898e-01 1.402640640735626221e-01 -2.503539435565471649e-02 2.683583647012710571e-03 1.107478439807891846e-01 -9.316094219684600830e-02 1.026474758982658386e-01 -1.967559158802032471e-01 3.047522716224193573e-02 2.992263436317443848e-02 1.584640704095363617e-02 2.555664628744125366e-02 -1.142479553818702698e-01 4.551786556839942932e-02 -3.697937726974487305e-02 4.147569090127944946e-02 -8.828393369913101196e-02 -7.202776148915290833e-03 1.989117637276649475e-02 3.479617461562156677e-02 -5.560872703790664673e-02 2.150107920169830322e-02 3.479331731796264648e-03 -1.000083237886428833e-01 2.781455963850021362e-02 -9.746333211660385132e-02 1.579974777996540070e-02 -1.018851995468139648e-01 -5.133131891489028931e-02 2.944961376488208771e-02 -6.864893436431884766e-02 2.258087694644927979e-02 -1.187289133667945862e-02 2.058910429477691650e-01 -5.735749006271362305e-02 3.631540387868881226e-02 1.247754618525505066e-01 -6.591894477605819702e-02 3.645631670951843262e-02 -3.909109532833099365e-02 -1.026974394917488098e-01 -5.395718291401863098e-02 5.698214098811149597e-02 1.283214092254638672e-01
1.962241530418395996e-01 7.033712416887283325e-02 2.865622565150260925e-02 -1.823768019676208496e-01 8.235611766576766968e-02 1.210460439324378967e-01 3.664105385541915894e-02 5.958340317010879517e-02 -4.253999143838882446e-02 -4.374617338180541992e-02 -1.367400884628295898e-01 1.000000000000000000e+00 -1.492241919040679932e-01 -1.546682976186275482e-02 -6.980091333389282227e-02 -7.311025634407997131e-03 -2.835987880825996399e-02 -1.692371070384979248e-02 -1.342621743679046631e-01 -1.106299161911010742e-01 -1.291550993919372559e-01 -4.367713630199432373e-02 6.693182885646820068e-02 -9.663750231266021729e-02 2.215581387281417847e-02 -5.940369516611099243e-02 4.630523175001144409e-02 1.247954368591308594e-01 -4.842470958828926086e-02 -2.092941850423812866e-01 -1.030570715665817261e-01 2.183066606521606445e-01 1.853650063276290894e-02 -9.128899872303009033e-02 1.289259940385818481e-01 5.908040702342987061e-02 -4.288550466299057007e-02 9.009527415037155151e-02 -6.730291247367858887e-02 1.981080919504165649e-01 5.573516711592674255e-02 -3.107078373432159424e-02 3.288487344980239868e-02 -2.619728446006774902e-02 -1.926803588867187500e-01 -6.912395358085632324e-03 -2.498919889330863953e-02 1.772516220808029175e-02 -1.824061572551727295e-01 -9.284999966621398926e-02 -1.513948105275630951e-02 1.597302258014678955e-01 -5.319671705365180969e-02 -1.528448760509490967e-01 -1.333769112825393677e-01
3.251818567514419556e-02 -1.579251736402511597e-01 1.393594145774841309e-01 7.205051928758621216e-02 -1.403479129076004028e-01 -1.228796318173408508e-02 9.602982550859451294e-02 -8.041373640298843384e-02 -1.258205994963645935e-02 8.461969904601573944e-03 1.402640640735626221e-01 -1.492241919040679932e-01 1.000000000000000000e+00 -1.245812475681304932e-01 1.125277727842330933e-01 -3.163523972034454346e-02 6.262129545211791992e-02 -6.520834565162658691e-02 -1.226526200771331787e-01 4.484752193093299866e-02 2.286501824855804443e-01 8.595414459705352783e-02 -1.241859570145606995e-01 -9.329102933406829834e-02 9.610829502344131470e-02 1.089788600802421570e-01 -1.313639283180236816e-01 1.372133493423461914e-01 -1.583836972713470459e-03 -8.032485842704772949e-02 -2.380088344216346741e-02 -9.788750857114791870e-02 -3.069531545042991638e-02 1.378899514675140381e-01 -3.591853380203247070e-02 -2.533337660133838654e-02 3.114033490419387817e-03 7.736742496490478516e-03 7.454672455787658691e-02 -4.643286392092704773e-02 9.128329157829284668e-02 1.259349286556243896e-02 -2.110058069229125977e-02 -6.640218198299407959e-02 3.445089608430862427e-02 1.063707545399665833e-01 -4.235051199793815613e-02 1.481553018093109131e-01 -5.650128051638603210e-02 1.711717247962951660e-01 -1.870830357074737549e-01 -1.546444296836853027e-01 5.891197174787521362e-02 -5.334783717989921570e-02 1.042256504297256470e-02
6.339006125926971436e-02 -1.409672051668167114e-01 -1.225358154624700546e-02 -4.310010746121406555e-02 -7.534044981002807617e-02 2.179950475692749023e-02 -3.972427546977996826e-02 -4.251092672348022461e-02 1.380468308925628662e-01 2.049290388822555542e-01 -2.503539435565471649e-02 -1.546682976186275482e-02 -1.245812475681304932e-01 9.999999403953552246e-01 7.102848589420318604e-02 -1.866350769996643066e-01 1.705673038959503174e-01 -1.601542830467224121e-01 1.524946093559265137e-01 -3.475409746170043945e-02 2.595735155045986176e-02 -1.100540533661842346e-01 5.279045552015304565e-03 -7.798785716295242310e-02 -2.974992617964744568e-03 -3.046806156635284424e-02 -6.346775591373443604e-02 -1.990875303745269775e-01 5.669483169913291931e-02 -1.168012619018554688e-01 1.436769962310791016e-03 3.340154886245727539e-03 -1.511785015463829041e-02 -1.899656280875205994e-02 -3.779316321015357971e-02 1.806233972311019897e-01 7.709428668022155762e-03 -2.250275015830993652e-02 -1.104139536619186401e-01 1.581138074398040771e-01 8.705427497625350952e-02 7.696218788623809814e-02 2.933525666594505310e-02 1.593998521566390991e-01 1.907206177711486816e-01 2.293311990797519684e-02 1.785702705383300781e-01 -7.982596755027770996e-02 1.388065665960311890e-01 1.189358532428741455e-01 -5.978159978985786438e-02 -1.817806251347064972e-02 -1.677526161074638367e-02 -1.363223046064376831e-01 9.105297923088073730e-02
1.274740248918533325e-01 1.272486522793769836e-02 -1.474641710519790649e-01 -9.302067011594772339e-02 6.277659907937049866e-03 1.241914778947830200e-01 8.772401511669158936e-02 1.526459753513336182e-01 -3.415292873978614807e-02 1.351863741874694824e-01 2.683583647012710571e-03 -6.980091333389282227e-02 1.125277727842330933e-01 7.102848589420318604e-02 1.000000000000000000e+00 -1.425506360828876495e-02 -6.692169606685638428e-02 5.282352119684219360e-02 -1.772780120372772217e-01 -1.534485816955566406e-01 -2.527930960059165955e-02 -2.231976091861724854e-01 -1.881660819053649902e-01 -8.811780810356140137e-02 -1.045978814363479614e-01 1.470424234867095947e-03 -2.212701551616191864e-02 -2.449487894773483276e-02 4.873871803283691406e-03 -1.920543983578681946e-02 -8.418875187635421753e-02 1.135253310203552246e-01 -1.613297015428543091e-01 1.054602786898612976e-01 7.477317005395889282e-02 2.526970207691192627e-01 -7.790105789899826050e-02 8.940699696540832520e-02 6.461925804615020752e-02 4.538073018193244934e-02 -6.500050425529479980e-02 -3.454835712909698486e-02 -5.385857075452804565e-02 -6.776161491870880127e-02 1.074275895953178406e-01 9.225599467754364014e-02 1.566918566823005676e-02 -2.212204039096832275e-02 -2.435192465782165527e-03 1.319518387317657471e-01 6.474337726831436157e-02 6.148137152194976807e-02 1.289303004741668701e-01 2.412281930446624756e-01 7.775183022022247314e-02
7.317962497472763062e-02 3.313257172703742981e-02 8.092542737722396851e-02 -2.372442372143268585e-02 -1.827388256788253784e-02 3.690721094608306885e-02 3.973365575075149536e-02 -7.592025399208068848e-02 4.361968487501144409e-02 -1.470043063163757324e-01 1.107478439807891846e-01 -7.311025634407997131e-03 -3.163523972034454346e-02 -1.866350769996643066e-01 -1.425506360828876495e-02 1.000000000000000000e+00 -5.408088862895965576e-02 6.280530244112014771e-03 -2.427104711532592773e-01 4.920549690723419189e-04 -6.801727414131164551e-02 7.734578847885131836e-02 6.077701225876808167e-02 1.082914248108863831e-01 -1.468409895896911621e-01 -1.233452558517456055e-01 8.370243012905120850e-03 6.236986070871353149e-02 -5.245089530944824219e-02 1.530590951442718506e-01 1.123369336128234863e-01 -6.234955042600631714e-03 4.499661177396774292e-02 -1.076452434062957764e-03 -2.561184391379356384e-02 -1.146734654903411865e-01 -1.764719337224960327e-01 4.278164356946945190e-03 -1.666701734066009521e-01 9.213231503963470459e-03 -2.370022982358932495e-02 1.410570442676544189e-01 -1.105421930551528931e-01 -1.314777135848999023e-02 -7.868062704801559448e-03 -7.778062671422958374e-02 3.956658020615577698e-02 -4.563474655151367188e-02 -4.862679541110992432e-02 2.426899969577789307e-03 6.785952299833297729e-02 2.529339864850044250e-02 -1.747184097766876221e-01 8.055719733238220215e-02 -6.786383688449859619e-02
-6.545979529619216919e-02 -7.130013406276702881e-02 5.548515915870666504e-02 -3.702556341886520386e-02 1.147188246250152588e-02 -1.286935508251190186e-01 5.212734639644622803e-02 1.228934228420257568e-01 -1.012397259473800659e-01 -1.241435706615447998e-01 -9.316094219684600830e-02 -2.835987880825996399e-02 6.262129545211791992e-02 1.705673038959503174e-01 -6.692169606685638428e-02 -5.408088862895965576e-02 1.000000000000000000e+00 -1.728010177612304688e-01 1.386342644691467285e-01 1.857434660196304321e-01 3.130773603916168213e-01 -1.157801970839500427e-01 -9.719678014516830444e-02 1.690438836812973022e-01 6.660658121109008789e-02 -6.423886120319366455e-02 -1.409816294908523560e-01 -6.793460994958877563e-02 2.366896867752075195e-01 6.285849958658218384e-02 7.564674317836761475e-02 1.083378270268440247e-01 -1.806802302598953247e-02 2.678701281547546387e-02 -3.084980323910713196e-02 4.281554371118545532e-02 -2.686442434787750244e-02 7.902395725250244141e-02 -4.492574185132980347e-02 -5.576783046126365662e-02 3.451772034168243408e-02 -7.942652329802513123e-03 1.645609289407730103e-01 -6.746660172939300537e-02 3.515369817614555359e-02 -1.753543615341186523e-01 -6.002225726842880249e-02 5.575785413384437561e-02 2.035917341709136963e-02 1.916337311267852783e-01 -1.396245211362838745e-01 -4.430287331342697144e-02 -1.450950279831886292e-02 -1.486759930849075317e-01 -3.752252086997032166e-02
1.466962695121765137e-01 -1.872688345611095428e-02 -3.934641182422637939e-02 -2.915186062455177307e-02 -4.385952278971672058e-02 1.176855713129043579e-01 5.740815773606300354e-03 -5.967667698860168457e-02 -9.554583579301834106e-03 9.120067954063415527e-02 1.026474758982658386e-01 -1.692371070384979248e-02 -6.520834565162658691e-02 -1.601542830467224121e-01 5.282352119684219360e-02 6.280530244112014771e-03 -1.728010177612304688e-01 1.000000000000000000e+00 -1.785737648606300354e-02 -1.138391122221946716e-01 -1.089634746313095093e-01 1.082383543252944946e-01 -2.178330421447753906e-01 -1.500348001718521118e-01 -7.193380594253540039e-02 -2.109816968441009521e-01 1.369418501853942871e-01 -1.704938337206840515e-02 -1.011856123805046082e-01 -6.929434835910797119e-02 1.411232054233551025e-01 -5.020284652709960938e-02 3.706444054841995239e-02 -2.075668051838874817e-02 1.126080751419067383e-03 1.316622197628021240e-01 4.131492599844932556e-02 6.892119348049163818e-02 -4.214775562286376953e-02 -9.321510791778564453e-03 1.314467936754226685e-01 6.356213986873626709e-02 7.367703318595886230e-02 2.889129705727100372e-02 -2.695283666253089905e-02 -2.997140586376190186e-02 5.681846290826797485e-02 1.149952411651611328e-03 1.374346017837524414e-02 -1.206073015928268433e-01 -9.286312758922576904e-02 9.491625428199768066e-02 4.594624042510986328e-03 1.342131197452545166e-01 -1.862300932407379150e-01
-1.147512048482894897e-01 -1.590881943702697754e-01 -5.180364847183227539e-02 2.069525420665740967e-02 -7.563290745019912720e-02 -6.466152518987655640e-02 -7.706120610237121582e-02 1.108217053115367889e-02 1.497402414679527283e-02 2.208370864391326904e-01 -1.967559158802032471e-01 -1.342621743679046631e-01 -1.226526200771331787e-01 1.524946093559265137e-01 -1.772780120372772217e-01 -2.427104711532592773e-01 1.386342644691467285e-01 -1.785737648606300354e-02 1.000000000000000000e+00 2.159318327903747559e-02 3.984332084655761719e-03 4.419197887182235718e-02 -1.562782227993011475e-01 9.375236928462982178e-03 1.658035665750503540e-01 1.059825867414474487e-01 2.654492855072021484e-04 -9.643900394439697266e-02 1.618480682373046875e-01 -1.666271686553955078e-02 9.184508025646209717e-02 -1.481492519378662109e-01 -9.513889253139495850e-02 -1.439564079046249390e-01 1.056468486785888672e-02 -2.380795776844024658e-04 1.863808780908584595e-01 -2.039266005158424377e-02 6.037800386548042297e-02 7.463794946670532227e-02 -9.306373447179794312e-02 -3.793747723102569580e-02 -1.367301493883132935e-02 -2.380449324846267700e-02 1.857447624206542969e-02 1.669463664293289185e-01 -9.329505264759063721e-03 -1.056367978453636169e-01 -9.202781319618225098e-02 -1.150902956724166870e-01 -1.342714428901672363e-01 -5.993103981018066406e-02 1.334364414215087891e-01 -8.679154515266418457e-02 1.930901110172271729e-01
2.099541760981082916e-02 1.316801160573959351e-01 4.874977469444274902e-02 -1.726559847593307495e-01 6.976979970932006836e-02 -8.625802397727966309e-02 -2.394704520702362061e-02 9.540691971778869629e-02 -9.608016908168792725e-02 1.390259154140949249e-02 3.047522716224193573e-02 -1.106299161911010742e-01 4.484752193093299866e-02 -3.475409746170043945e-02 -1.534485816955566406e-01 4.920549690723419189e-04 1.857434660196304321e-01 -1.138391122221946716e-01 2.159318327903747559e-02 1.000000000000000000e+00 1.611481904983520508e-01 -1.390300393104553223e-01 -9.498739987611770630e-02 1.004265174269676208e-01 6.301925331354141235e-02 -1.477618217468261719e-01 2.060387283563613892e-02 -1.419147551059722900e-01 6.980547308921813965e-02 2.663198709487915039e-01 -1.578090637922286987e-01 -1.350078284740447998e-01 9.640121459960937500e-02 3.367833048105239868e-02 9.881919622421264648e-02 -5.387750267982482910e-02 5.346700921654701233e-02 5.916084349155426025e-02 9.803239256143569946e-02 1.404432356357574463e-01 7.087631523609161377e-02 -2.267549932003021240e-01 6.146291270852088928e-03 -4.688388109207153320e-02 1.297972500324249268e-01 -1.426745057106018066e-01 2.052985131740570068e-02 8.168897777795791626e-02 2.332632243633270264e-02 2.798992395401000977e-02 -2.612273581326007843e-02 7.304682396352291107e-03 -2.688810601830482483e-02 -2.041033282876014709e-02 6.016213446855545044e-04
-1.596586778759956360e-02 -6.157428026199340820e-03 7.085315883159637451e-03 -1.066035255789756775e-01 1.717559248208999634e-02 -3.940276801586151123e-03 1.335009485483169556e-01 7.961571216583251953e-02 -2.065125554800033569e-01 -1.332327537238597870e-02 2.992263436317443848e-02 -1.291550993919372559e-01 2.286501824855804443e-01 2.595735155045986176e-02 -2.527930960059165955e-02 -6.801727414131164551e-02 3.130773603916168213e-01 -1.089634746313095093e-01 3.984332084655761719e-03 1.611481904983520508e-01 1.000000000000000000e+00 -5.159654468297958374e-02 -1.484653651714324951e-01 -1.831324249505996704e-01 -8.570499718189239502e-03 1.180793046951293945e-01 -3.245636820793151855e-02 4.939223825931549072e-02 -2.305800467729568481e-02 3.736726939678192139e-02 -3.537122160196304321e-02 -4.226686060428619385e-02 -3.865646570920944214e-02 -1.343209445476531982e-01 -7.892748713493347168e-02 -1.051790863275527954e-01 -4.359429329633712769e-02 3.968019038438796997e-02 -3.526570647954940796e-02 3.051735460758209229e-03 2.045389264822006226e-02 -1.073341220617294312e-01 4.162826389074325562e-02 4.959075897932052612e-02 9.707817435264587402e-02 1.662975549697875977e-02 4.350937157869338989e-02 -1.496220566332340240e-02 -5.371873825788497925e-02 1.309059262275695801e-01 -1.616675108671188354e-01 -3.538087755441665649e-02 -1.213251426815986633e-01 -1.975486055016517639e-02 -1.076420396566390991e-02
-5.525697767734527588e-02 -2.380384877324104309e-02 2.466440796852111816e-01 -6.370930001139640808e-03 -9.996902197599411011e-02 -1.001264899969100952e-01 -1.790480613708496094e-01 5.423410236835479736e-02 5.195222795009613037e-03 -4.048150032758712769e-02 1.584640704095363617e-02 -4.367713630199432373e-02 8.595414459705352783e-02 -1.100540533661842346e-01 -2.231976091861724854e-01 7.734578847885131836e-02 -1.157801970839500427e-01 1.082383543252944946e-01 4.419197887182235718e-02 -1.390300393104553223e-01 -5.159654468297958374e-02 1.000000000000000000e+00 4.826452583074569702e-02 -2.085172384977340698e-02 -1.439053937792778015e-02 4.835237562656402588e-02 3.463988751173019409e-02 4.700236767530441284e-02 -4.984183609485626221e-02 2.071432769298553467e-03 -1.598719060420989990e-01 2.237389236688613892e-02 1.465770453214645386e-01 3.646813333034515381e-03 1.058217212557792664e-01 -1.924445033073425293e-01 -1.637774407863616943e-01 -1.693366095423698425e-02 1.034088432788848877e-03 -6.837538629770278931e-02 -1.967570185661315918e-01 3.569804131984710693e-02 -1.805531978607177734e-02 -7.754820585250854492e-02 -1.430152058601379395e-01 -4.675742611289024353e-02 -6.511072814464569092e-02 -2.824684605002403259e-02 -1.802510619163513184e-01 -6.915473937988281250e-02 -1.649931073188781738e-02 -1.868778839707374573e-02 -2.002682164311408997e-02 -4.920592531561851501e-02 3.315433114767074585e-02
-7.343329489231109619e-03 5.583876371383666992e-02 6.726581603288650513e-02 2.874019742012023926e-02 -1.268488764762878418e-01 3.466325998306274414e-02 -1.992602199316024780e-01 -1.532272994518280029e-02 -6.493938714265823364e-02 -8.951753377914428711e-03 2.555664628744125366e-02 6.693182885646820068e-02 -1.241859570145606995e-01 5.279045552015304565e-03 -1.881660819053649902e-01 6.077701225876808167e-02 -9.719678014516830444e-02 -2.178330421447753906e-01 -1.562782227993011475e-01 -9.498739987611770630e-02 -1.484653651714324951e-01 4.826452583074569702e-02 1.000000000000000000e+00 8.918514102697372437e-02 -2.004337608814239502e-01 2.707142829895019531e-01 -8.825948834419250488e-02 3.654501587152481079e-02 -1.463688537478446960e-02 -2.627579867839813232e-02 5.363538488745689392e-02 -7.393712550401687622e-02 -2.183366008102893829e-02 1.628370136022567749e-01 -3.618618473410606384e-02 -4.261628538370132446e-02 4.037571698427200317e-02 -6.920056045055389404e-02 -6.767600774765014648e-02 -1.393188238143920898e-01 -2.874571084976196289e-02 -2.597980946302413940e-02 -1.850904077291488647e-01 -1.086993440985679626e-01 -1.115766018629074097e-01 -1.561474204063415527e-01 -1.661599278450012207e-01 -9.629698842763900757e-02 6.924788653850555420e-02 -1.131953075528144836e-01 -6.579373776912689209e-02 9.359358996152877808e-02 -2.309294603765010834e-02 -9.024398028850555420e-02 -2.021486684679985046e-02
-1.117333620786666870e-01 2.974428981542587280e-02 -8.447687327861785889e-02 9.525402635335922241e-02 6.409935653209686279e-02 -5.918172001838684082e-02 -5.464468151330947876e-02 -3.244584798812866211e-02 -4.592964798212051392e-02 -1.308887898921966553e-01 -1.142479553818702698e-01 -9.663750231266021729e-02 -9.329102933406829834e-02 -7.798785716295242310e-02 -8.811780810356140137e-02 1.082914248108863831e-01 1.690438836812973022e-01 -1.500348001718521118e-01 9.375236928462982178e-03 1.004265174269676208e-01 -1.831324249505996704e-01 -2.085172384977340698e-02 8.918514102697372437e-02 1.000000000000000000e+00 1.043785735964775085e-01 1.551901996135711670e-01 1.080304384231567383e-03 1.108413934707641602e-02 -1.022213250398635864e-01 2.044246941804885864e-01 1.732964627444744110e-02 -7.182299345731735229e-02 6.240868940949440002e-03 -4.898876696825027466e-02 1.279310509562492371e-02 -9.099349379539489746e-02 8.947554975748062134e-02 3.227281197905540466e-02 -4.419000446796417236e-02 -1.189311817288398743e-01 -1.264601349830627441e-01 -1.043243706226348877e-02 3.226622939109802246e-03 8.505359292030334473e-04 6.039101630449295044e-02 -5.306667089462280273e-02 1.605855822563171387e-01 4.296413436532020569e-02 1.030850484967231750e-01 9.210188686847686768e-02 -3.876842185854911804e-02 -4.378104582428932190e-02 6.885147839784622192e-02 -1.536290720105171204e-02 -8.341474458575248718e-03
8.509466052055358887e-02 -3.799123689532279968e-02 5.184604972600936890e-02 6.737563014030456543e-02 -2.419884055852890015e-01 1.436697132885456085e-02 7.067510485649108887e-02 -6.008752807974815369e-02 1.282524168491363525e-01 8.004732429981231689e-02 4.551786556839942932e-02 2.215581387281417847e-02 9.610829502344131470e-02 -2.974992617964744568e-03 -1.045978814363479614e-01 -1.468409895896911621e-01 6.660658121109008789e-02 -7.193380594253540039e-02 1.658035665750503540e-01 6.301925331354141235e-02 -8.570499718189239502e-03 -1.439053937792778015e-02 -2.004337608814239502e-01 1.043785735964775085e-01 1.000000000000000000e+00 -3.792240470647811890e-02 4.382548481225967407e-02 1.244364399462938309e-02 8.437214791774749756e-02 1.122681796550750732e-01 1.229587644338607788e-01 1.244774926453828812e-02 -1.173869967460632324e-01 -8.326568454504013062e-02 -3.432141244411468506e-02 2.490744739770889282e-02 1.302247941493988037e-01 -1.085324585437774658e-02 -1.803291589021682739e-01 1.570062898099422455e-02 1.612347066402435303e-01 3.189877793192863464e-02 1.901720762252807617e-01 -2.936401776969432831e-02 6.761847436428070068e-02 -2.133584395051002502e-02 4.318068176507949829e-02 -1.512123271822929382e-02 -8.552283048629760742e-02 -1.718151941895484924e-02 -8.784227818250656128e-02 -1.685721427202224731e-01 6.735239923000335693e-02 -2.065453827381134033e-01 2.706531807780265808e-02
-2.584236860275268555e-02 -2.860836684703826904e-04 -1.041661053895950317e-01 2.871874719858169556e-02 -9.989599883556365967e-02 4.088259488344192505e-02 -1.996227800846099854e-01 8.811718225479125977e-02 -1.629131287336349487e-01 1.141857281327247620e-01 -3.697937726974487305e-02 -5.940369516611099243e-02 1.089788600802421570e-01 -3.046806156635284424e-02 1.470424234867095947e-03 -1.233452558517456055e-01 -6.423886120319366455e-02 -2.109816968441009521e-01 1.059825867414474487e-01 -1.477618217468261719e-01 1.180793046951293945e-01 4.835237562656402588e-02 2.707142829895019531e-01 1.551901996135711670e-01 -3.792240470647811890e-02 1.000000000000000000e+00 -5.996153503656387329e-02 1.975218951702117920e-02 9.724307060241699219e-02 6.379030644893646240e-03 -1.119266450405120850e-01 -2.376391589641571045e-01 -8.167950809001922607e-02 -7.556013762950897217e-03 -2.603657245635986328e-01 -8.647939562797546387e-02 -8.732331544160842896e-02 -6.991101056337356567e-02 9.425103664398193359e-03 -1.008553057909011841e-01 -1.373719871044158936e-01 -1.446108520030975342e-01 -8.043427020311355591e-02 2.629572153091430664e-02 9.021461755037307739e-02 9.291207790374755859e-02 -1.172269731760025024e-01 5.332812294363975525e-02 -5.179535597562789917e-02 -5.124245584011077881e-02 -1.215897127985954285e-01 8.801294863224029541e-02 6.306234747171401978e-03 3.266254812479019165e-02 1.189517676830291748e-01
8.656033128499984741e-02 1.954631954431533813e-01 -3.436460159718990326e-03 -1.341661214828491211e-01 -4.170270636677742004e-02 4.160646349191665649e-03 9.840046614408493042e-02 2.102699726819992065e-01 1.805738359689712524e-02 2.195540443062782288e-02 4.147569090127944946e-02 4.630523175001144409e-02 -1.313639283180236816e-01 -6.346775591373443604e-02 -2.212701551616191864e-02 8.370243012905120850e-03 -1.409816294908523560e-01 1.369418501853942871e-01 2.654492855072021484e-04 2.060387283563613892e-02 -3.245636820793151855e-02 3.463988751173019409e-02 -8.825948834419250488e-02 1.080304384231567383e-03 4.382548481225967407e-02 -5.996153503656387329e-02 1.000000000000000000e+00 -7.592210918664932251e-02 -7.904572784900665283e-02 9.688235819339752197e-02 9.153324365615844727e-02 1.778236627578735352e-01 -1.349798440933227539e-01 -1.118050366640090942e-01 -5.676199495792388916e-02 9.606808423995971680e-02 9.921352565288543701e-02 2.771679759025573730e-01 1.240064203739166260e-01 -1.895017549395561218e-02 5.622318014502525330e-02 -8.199895918369293213e-02 -9.277105331420898438e-02 4.443641006946563721e-02 3.921795263886451721e-02 8.783228695392608643e-02 3.520821034908294678e-02 6.573472172021865845e-02 -3.042728453874588013e-02 -9.880371391773223877e-02 -4.168000817298889160e-02 2.858566343784332275e-01 2.559742704033851624e-02 1.696172356605529785e-01 1.406361311674118042e-01
-1.568927429616451263e-02 -1.035299897193908691e-01 3.889062255620956421e-02 -1.393008828163146973e-01 -1.236673519015312195e-01 1.075785905122756958e-01 2.753153443336486816e-02 -7.969778776168823242e-02 2.472083568572998047e-01 -1.176640391349792480e-01 -8.828393369913101196e-02 1.247954368591308594e-01 1.372133493423461914e-01 -1.990875303745269775e-01 -2.449487894773483276e-02 6.236986070871353149e-02 -6.793460994958877563e-02 -1.704938337206840515e-02 -9.643900394439697266e-02 -1.419147551059722900e-01 4.939223825931549072e-02 4.700236767530441284e-02 3.654501587152481079e-02 1.108413934707641602e-02 1.244364399462938309e-02 1.975218951702117920e-02 -7.592210918664932251e-02 1.000000000000000000e+00 -1.101167500019073486e-01 -4.338286444544792175e-02 -3.754428774118423462e-02 1.265605390071868896e-01 1.097090691328048706e-01 -8.474984019994735718e-02 -7.174178212881088257e-02 8.477532863616943359e-02 1.212062686681747437e-02 1.491703689098358154e-01 5.846190452575683594e-02 -1.002849787473678589e-01 9.277154505252838135e-02 -8.176447451114654541e-02 -1.276718676090240479e-01 9.372261166572570801e-02 3.050298616290092468e-02 -1.619277708232402802e-02 -1.250238269567489624e-01 -4.897508770227432251e-02 -3.354297578334808350e-02 1.251860111951828003e-01 -3.372741490602493286e-02 -7.258587330579757690e-02 1.759454011917114258e-01 -1.079837530851364136e-01 -1.961345672607421875e-01
